30 5
90 92 33 79 66 36 30 63 36 97 55 79 7 55 18 40 70 65 70 77 31 11 21 35 15 22 34 72 36 52
106 371 103 138 400 204 381 344 46 161 11 280 295 482 395 106 116 436 88 237 92 386 428 357 39 299 401 21 383 139
357 35 429 315 453 13 386 146 355 52 2 219 71 345 275 80 324 290 475 434 279 227 415 143 418 304 495 298 456 368
345 316 260 426 139 440 87 438 334 94 309 409 205 114 444 68 103 153 343 69 291 146 171 339 488 392 400 137 7 113
294 83 377 249 153 208 367 93 378 309 361 482 222 207 474 328 111 190 469 179 178 207 243 27 429 422 444 200 498 381
263 376 129 432 175 190 273 29 251 450 340 136 232 73 320 472 451 146 51 271 132 115 85 319 467 169 117 442 0 149
373 17 454 124 212 194 448 156 358 188 350 10 182 206 209 112 159 20 51 30 468 410 409 401 301 46 481 44 150 345
211 151 360 245 131 97 193 344 194 383 422 483 314 308 408 160 183 469 247 453 254 386 477 34 61 95 467 252 200 388
313 282 73 197 389 237 115 19 333 82 435 12 210 500 3 489 79 210 436 126 340 49 327 397 1 19 386 151 76 200
117 393 286 288 227 116 50 460 378 170 130 201 7 288 498 356 317 463 180 500 479 121 484 332 457 343 434 459 117 23
289 294 156 489 157 475 289 105 135 344 344 285 205 392 189 306 240 157 379 437 479 166 58 135 321 385 390 357 237 222
118 494 214 182 109 362 47 308 338 171 20 117 372 282 49 328 205 235 471 341 196 43 278 426 468 17 476 417 164 89
313 478 305 298 328 254 6 122 230 464 386 249 332 452 256 404 446 345 99 163 141 109 265 356 188 169 98 45 160 134
306 441 23 246 319 192 399 152 334 76 290 2 144 246 172 379 178 366 85 218 192 215 10 420 199 117 229 133 254 463
179 177 385 105 442 25 386 195 394 286 400 373 276 70 414 465 469 324 272 107 143 103 29 111 234 433 222 208 223 116
338 446 82 313 101 373 302 462 107 489 16 250 215 26 497 442 160 109 143 269 491 244 265 371 310 293 2 431 435 183
256 201 447 72 236 43 463 200 242 238 433 240 418 368 262 136 337 369 35 271 190 68 121 341 225 392 45 202 402 364
309 391 146 187 411 380 279 352 101 9 338 284 269 405 111 209 170 321 108 394 87 396 388 409 158 352 188 390 81 369
164 159 291 103 337 63 278 184 55 365 210 302 257 229 409 163 355 238 0 449 203 42 393 53 262 477 146 79 256 231
475 209 129 412 340 423 435 452 378 96 259 271 21 305 8 398 241 422 154 135 395 304 30 221 34 321 282 326 331 235
283 438 81 308 424 159 81 29 412 325 193 214 3 21 160 144 81 436 305 75 395 235 475 8 398 146 138 87 457 190
111 323 102 242 290 31 307 98 423 129 277 145 326 311 407 338 149 436 211 77 368 5 500 59 433 122 188 250 103 199
300 68 186 40 94 285 63 293 139 405 330 156 148 309 221 80 1 28 17 250 271 390 253 211 152 299 142 84 258 479
157 121 25 494 342 244 259 91 475 153 308 486 208 297 359 178 132 120 68 156 14 236 105 142 387 500 434 257 273 463
78 69 101 338 422 486 342 121 311 431 349 302 200 290 293 48 465 177 399 140 268 246 235 362 144 293 292 457 211 314
176 405 468 290 497 354 242 46 119 14 233 362 44 44 40 431 308 405 54 330 173 345 144 491 219 287 460 81 96 2
277 125 190 156 26 315 72 60 353 317 345 139 386 464 336 383 18 329 361 65 297 318 399 494 362 99 388 310 43 493
226 338 44 246 184 150 303 369 172 475 465 256 259 261 451 438 493 57 278 341 120 234 488 253 10 432 317 149 232 360
415 413 128 165 412 153 376 253 467 87 179 477 394 194 449 224 467 428 115 222 401 233 403 334 199 222 9 280 358 331
209 484 46 171 324 428 38 44 5 216 137 92 345 147 466 129 456 253 44 456 141 398 161 215 13 82 9 454 435 399
184 447 6 111 43 395 260 213 389 341 137 239 251 181 356 346 308 380 450 148 136 302 436 278 319 376 209 395 107 128
