50 5
57 56 99 58 12 91 66 66 84 21 9 3 74 86 23 24 93 76 17 10 52 46 8 30 68 15 75 54 76 68 13 70 50 20 70 3 4 55 12 10 99 24 55 31 40 75 4 68 2 59
25 150 340 204 417 355 129 45 204 122 68 10 126 69 488 23 48 314 91 348 422 53 83 0 391 368 279 463 221 396 186 444 340 213 500 35 433 276 34 445 478 234 389 413 423 132 196 450 469 255
394 40 439 329 162 195 185 59 245 138 296 274 414 160 195 61 82 221 351 426 133 453 434 315 345 23 92 205 278 76 462 444 152 55 96 150 494 435 168 464 408 70 388 218 106 464 429 464 389 331
442 233 35 450 114 303 453 157 307 221 160 319 46 306 62 289 160 238 24 136 88 39 221 243 22 201 475 430 453 409 26 261 437 96 114 27 308 123 197 392 241 2 452 478 423 486 146 334 441 75
284 421 69 291 219 432 362 14 207 482 261 258 46 492 346 103 500 156 393 83 371 148 294 435 199 230 278 17 133 352 97 293 459 251 183 266 101 364 80 123 115 255 101 230 29 33 437 229 256 13
448 271 32 476 422 176 214 171 175 131 268 246 459 450 267 129 198 216 476 411 79 276 451 323 292 76 460 92 39 378 84 475 160 317 21 152 423 56 320 378 228 192 31 173 298 131 452 111 292 349
160 1 340 380 89 316 74 282 464 392 378 291 316 295 410 337 294 84 50 68 462 482 339 278 47 161 400 293 271 356 225 445 497 383 380 314 477 92 139 275 211 412 20 345 87 184 148 254 187 55
433 231 412 326 232 177 232 308 415 332 80 293 411 304 308 70 401 36 322 250 422 141 70 404 165 35 295 97 225 22 138 288 416 475 351 467 104 493 311 45 426 7 187 373 61 230 147 435 280 66
201 391 102 204 208 411 16 254 485 457 88 128 112 170 454 216 182 408 286 77 55 470 44 269 128 90 491 66 279 312 233 483 216 428 36 19 286 241 106 448 240 420 104 445 481 41 438 67 80 6
21 439 282 433 88 216 484 81 181 62 361 114 494 225 99 426 152 428 10 153 464 146 406 472 441 307 21 314 141 166 475 268 298 450 227 243 266 289 403 22 317 280 181 169 154 16 489 454 186 272
442 55 145 255 129 488 446 361 149 216 51 149 277 371 52 433 342 496 321 349 493 118 343 474 42 392 164 160 280 404 259 271 201 259 320 476 235 402 336 478 304 49 195 332 285 11 114 38 135 20
181 49 275 226 217 211 284 484 185 368 486 287 352 373 144 220 125 291 177 269 277 406 172 470 4 235 300 298 418 224 41 231 62 168 106 27 175 34 114 435 41 248 235 427 102 385 87 274 98 426
219 110 84 447 285 319 118 469 431 197 6 220 459 477 461 80 298 159 179 445 227 333 449 323 425 261 355 420 238 80 6 162 162 61 168 486 399 474 311 237 53 58 394 264 418 178 423 233 108 481
400 148 116 123 343 458 223 145 141 315 64 470 236 494 373 223 214 436 490 223 388 236 140 144 323 69 431 429 210 403 170 13 152 91 338 97 231 330 474 331 115 414 421 432 159 94 55 206 256 335
198 365 215 225 207 309 462 320 212 81 241 241 350 5 392 471 392 147 435 203 260 193 196 385 95 209 200 289 201 277 160 431 485 312 80 421 410 360 417 271 122 103 20 216 210 424 337 159 472 335
369 337 283 78 347 258 428 335 337 385 247 409 421 50 155 68 332 338 137 396 479 168 249 490 368 253 25 284 13 142 374 382 487 11 393 493 282 70 17 94 6 127 99 362 318 496 362 90 284 193
175 139 252 351 19 466 426 388 294 178 170 134 466 173 439 170 240 281 319 62 112 118 96 64 384 49 114 418 198 252 56 175 248 155 243 418 239 110 97 234 161 413 52 117 9 94 160 38 401 226
76 157 47 25 165 282 321 382 74 188 62 424 71 39 124 374 121 97 182 464 219 275 323 209 121 445 15 68 190 240 491 262 377 119 95 25 45 151 174 387 419 410 247 372 11 401 357 437 46 424
83 496 97 82 106 225 351 227 135 420 231 127 105 300 244 420 226 324 288 255 316 68 250 48 438 189 466 186 380 73 40 251 356 292 128 293 200 133 388 368 70 354 442 481 224 24 90 180 422 57
45 437 322 332 328 101 211 336 212 334 353 118 321 303 444 218 54 179 226 351 182 198 406 475 77 353 441 275 396 222 345 325 433 320 420 407 128 98 356 400 464 19 333 467 431 92 374 9 124 208
189 11 408 170 46 159 160 319 426 174 42 178 53 375 441 140 402 185 176 235 401 281 94 417 335 494 147 228 384 364 181 258 379 483 250 288 433 327 430 25 178 196 190 334 107 251 497 401 41 90
103 416 93 315 47 360 50 20 174 41 253 312 33 492 495 192 16 261 398 72 170 39 467 267 15 274 13 392 453 499 70 285 120 462 405 439 453 353 17 35 85 470 252 38 165 164 127 98 0 235
368 347 170 48 14 345 7 21 76 178 264 407 101 121 308 42 295 284 377 60 187 231 168 177 395 304 84 23 69 233 369 289 477 344 408 50 325 176 87 130 156 438 108 170 486 228 299 135 19 473
216 207 235 428 240 437 495 255 96 419 492 401 116 3 26 272 212 1 244 401 461 438 208 429 345 137 215 270 461 58 105 497 62 171 418 380 381 232 167 116 54 339 142 126 182 119 216 406 416 233
147 337 27 59 383 475 352 353 283 487 151 106 334 32 106 252 177 167 448 377 408 323 442 472 90 313 175 5 35 413 83 35 407 102 130 492 268 14 349 492 453 143 330 65 82 399 250 243 337 351
300 17 200 169 389 422 373 135 164 190 256 125 466 194 415 32 190 388 351 191 233 65 326 455 289 259 71 409 469 438 195 477 350 413 55 480 399 459 138 105 149 1 118 490 184 0 451 294 27 222
138 166 279 164 120 363 137 23 303 261 410 457 427 298 327 476 162 152 108 325 122 460 476 173 150 170 170 456 223 230 124 65 382 342 18 467 460 131 319 293 238 375 129 159 283 252 111 35 176 339
312 324 496 160 84 219 388 444 234 64 26 231 429 353 380 83 452 388 265 419 165 111 442 118 78 474 151 446 63 238 127 381 412 160 406 335 72 109 403 466 355 147 183 333 455 474 163 170 127 455
454 254 118 212 473 331 432 464 417 481 356 152 458 240 308 477 249 192 249 401 268 172 214 206 199 86 428 148 444 180 488 395 178 42 9 409 151 436 303 487 195 490 14 82 339 413 471 57 282 446
71 216 126 298 323 481 161 394 28 158 295 411 157 181 391 500 275 484 495 109 381 114 341 19 403 68 391 296 466 482 204 447 264 381 454 125 260 444 416 75 184 362 35 199 168 35 45 8 338 34
224 13 62 364 13 125 130 385 491 77 156 72 129 432 456 295 37 302 44 113 448 217 432 49 418 257 64 161 367 137 414 75 258 193 230 99 382 340 228 466 196 152 105 313 432 20 332 285 445 12
470 190 499 250 247 39 386 186 143 101 25 147 392 126 426 417 62 344 263 329 302 263 367 123 460 335 254 189 70 301 366 201 485 459 220 471 65 37 106 336 440 387 356 352 313 380 402 149 278 451
203 439 14 409 201 376 379 227 463 58 244 187 317 281 413 300 374 38 353 89 134 450 443 409 277 176 6 26 77 6 145 264 417 336 104 318 239 482 486 70 203 175 152 219 219 469 364 32 164 213
445 221 213 136 173 406 442 205 186 45 153 242 302 69 446 77 129 497 472 435 359 454 230 260 125 65 255 247 397 467 45 292 278 33 57 398 390 102 370 167 267 65 190 91 299 135 494 120 387 292
380 292 164 345 421 124 268 401 132 123 413 410 112 15 152 235 343 178 428 167 120 53 79 98 259 66 373 479 206 285 477 162 222 116 180 246 38 409 8 204 230 408 241 268 4 335 295 227 148 113
242 405 171 137 269 27 162 272 169 96 435 395 414 116 158 335 108 173 85 378 424 66 114 147 44 404 85 2 158 133 419 125 287 8 426 362 353 160 67 327 63 125 237 324 467 246 176 419 484 309
61 216 442 339 479 213 206 195 296 457 423 370 302 201 175 98 211 235 437 85 7 265 429 267 220 480 432 75 237 200 279 311 128 259 289 498 365 490 341 206 59 351 372 77 184 116 94 48 426 95
479 93 119 407 134 111 316 252 474 5 431 489 261 494 34 494 430 179 464 139 492 101 294 388 433 455 3 268 453 179 73 413 284 468 146 233 356 180 233 117 260 482 302 265 419 385 392 194 370 458
453 236 308 435 484 227 219 142 334 483 327 127 398 229 144 252 85 359 257 260 285 162 366 213 476 87 90 178 498 254 484 93 389 56 420 223 319 438 335 490 281 314 407 129 165 443 80 363 301 237
217 41 266 3 175 2 389 337 20 176 266 326 253 164 6 291 371 421 130 182 28 453 12 386 275 97 118 171 202 80 2 12 96 442 216 119 25 322 390 305 51 179 93 432 488 190 55 338 3 151
403 105 172 28 199 286 117 432 362 388 259 115 28 361 125 326 460 369 21 148 14 285 211 335 312 328 405 463 118 133 178 379 12 267 283 100 256 226 461 347 274 473 167 195 206 436 71 486 43 195
345 344 377 148 355 490 430 217 381 249 398 454 314 328 332 88 96 243 34 462 308 109 229 99 44 320 75 362 106 230 402 447 241 290 160 283 176 97 102 156 409 294 375 204 50 452 6 75 219 453
257 248 474 362 13 77 113 253 15 3 115 22 498 99 463 287 112 298 369 475 238 456 396 387 496 327 49 303 234 172 348 323 231 191 145 171 80 403 185 91 408 124 96 450 273 379 451 441 88 204
370 112 77 301 185 9 204 483 324 192 69 184 111 343 491 401 104 360 222 391 483 389 138 259 340 497 148 6 74 248 334 296 260 122 380 180 207 92 20 203 155 302 176 139 125 475 458 73 93 378
490 221 167 477 210 309 33 395 222 455 368 85 338 483 467 287 199 149 34 236 84 499 253 264 97 276 148 89 432 413 276 214 290 399 36 397 208 466 53 321 311 328 120 223 329 74 194 135 152 310
466 21 21 0 388 80 282 87 17 53 357 103 235 65 157 121 197 156 458 138 264 358 194 335 452 171 271 245 408 278 15 432 41 5 71 276 477 100 263 365 44 312 194 339 237 78 16 159 366 180
224 271 452 12 421 330 367 250 100 89 222 162 452 21 454 198 141 226 454 262 96 430 149 262 181 344 306 369 218 499 157 428 470 230 159 445 377 415 497 496 410 306 248 403 82 321 337 116 145 440
47 173 115 484 470 225 65 116 416 190 231 73 139 386 416 432 279 290 323 279 477 274 394 343 181 59 169 480 142 75 45 354 345 19 451 155 499 409 341 429 456 37 426 160 390 50 136 120 177 192
340 34 221 122 123 1 141 10 418 43 169 286 185 220 373 457 198 440 494 123 291 414 331 167 470 22 341 450 67 91 229 434 486 95 386 482 129 469 123 385 390 49 351 171 130 460 468 110 165 255
315 106 318 16 240 128 41 437 145 65 17 8 393 54 222 236 328 448 416 105 325 151 25 161 325 173 45 218 481 330 402 239 174 197 246 468 234 398 305 492 279 246 72 190 2 7 163 260 226 256
347 394 125 147 109 196 212 283 165 378 368 57 77 311 377 259 214 294 163 286 450 453 29 273 266 120 184 190 480 456 297 442 238 388 323 332 325 65 75 249 254 91 379 201 338 452 413 227 490 231
