50 3
96 95 5 82 61 81 73 46 8 90 10 49 84 64 93 28 38 10 65 6 59 33 2 22 62 55 12 21 37 25 7 22 55 9 33 52 86 6 71 19 39 30 79 58 28 7 59 35 88 60
176 24 366 261 473 33 196 239 345 172 345 377 499 464 337 423 199 158 412 271 65 311 17 252 241 249 87 250 313 53 366 85 188 116 375 256 198 344 121 351 282 35 342 360 275 365 498 12 101 124
436 293 239 317 295 396 135 481 1 432 480 454 147 480 90 30 420 116 356 79 219 32 293 441 279 479 29 177 139 220 81 235 204 87 308 318 350 3 420 377 33 273 427 295 139 255 181 206 377 237
59 411 74 197 322 395 380 213 209 136 475 169 74 378 210 426 297 409 321 499 21 442 256 44 251 468 494 138 369 440 232 447 203 473 263 31 4 69 68 299 79 86 24 148 75 219 305 473 306 307
17 189 181 150 463 81 139 282 124 277 95 87 41 171 113 475 21 328 189 305 24 223 177 486 370 390 317 436 138 210 444 235 407 376 97 186 461 180 312 249 407 249 137 240 459 350 172 286 171 327
320 451 210 424 202 417 370 108 78 113 234 69 108 496 24 128 337 304 403 234 324 4 81 88 413 129 310 480 207 412 203 100 184 409 339 382 103 493 242 471 448 437 82 44 423 131 190 4 200 459
414 248 408 446 134 482 272 65 67 232 465 455 75 162 434 309 124 476 84 430 390 294 98 256 204 98 312 460 433 185 277 415 286 105 197 428 46 373 101 302 479 13 338 139 371 221 499 417 43 363
490 83 497 36 108 388 3 238 440 483 47 364 237 261 383 373 28 368 74 306 50 466 80 133 421 285 155 288 32 49 221 215 105 53 56 211 243 500 176 252 152 11 253 50 58 392 76 234 69 171
20 66 476 114 256 419 310 273 303 290 263 420 19 286 18 140 151 180 324 392 291 125 149 76 434 343 74 351 136 126 447 3 404 377 246 336 387 31 236 231 449 349 59 76 258 463 114 41 242 194
326 387 369 179 273 362 158 381 123 273 450 126 333 169 139 318 435 420 309 276 317 69 248 399 299 39 349 79 103 140 208 288 134 233 296 56 146 372 70 114 434 103 366 139 243 271 126 211 405 80
253 392 201 67 0 122 369 461 398 281 386 338 403 453 233 148 224 422 245 330 216 100 409 122 215 399 495 235 365 437 152 415 445 368 457 484 237 26 338 82 340 155 423 222 476 333 182 50 389 52
309 306 442 142 442 187 104 152 381 202 393 344 343 419 112 154 1 82 81 88 117 88 222 203 269 281 346 224 295 189 54 10 174 82 76 370 311 157 454 263 284 130 168 134 27 106 235 285 487 63
366 388 17 398 352 47 290 318 377 281 292 220 365 21 264 372 463 121 298 388 440 182 147 409 7 95 89 16 113 73 189 463 391 460 422 194 10 370 126 47 446 66 299 121 411 251 447 207 103 70
241 324 278 286 78 483 161 172 473 201 406 155 231 438 58 351 244 102 75 275 400 284 465 183 427 388 469 334 395 168 383 265 163 399 158 488 144 494 418 433 230 388 74 253 278 172 220 328 82 477
389 346 64 302 181 485 165 119 238 229 299 117 142 366 5 81 100 458 411 9 149 75 129 447 128 55 65 465 412 57 433 77 185 299 174 308 323 422 308 85 315 74 225 202 388 140 78 265 175 412
159 342 351 167 412 45 451 31 212 36 81 233 41 225 228 333 374 168 475 106 250 11 104 378 286 24 488 82 232 56 287 133 164 115 143 143 467 349 51 344 360 343 436 69 460 111 485 444 185 463
497 209 124 474 167 121 167 288 348 219 4 93 500 373 88 182 199 317 367 267 354 336 70 362 260 381 118 76 284 204 313 285 81 426 479 18 127 326 398 182 111 352 426 325 441 406 92 267 347 159
156 470 286 455 116 467 328 164 218 200 243 321 158 53 385 363 439 291 9 78 209 304 187 45 180 207 97 240 127 273 5 138 351 105 74 36 365 370 103 397 108 82 22 96 289 491 250 462 169 434
42 145 155 491 266 330 476 336 84 61 161 238 84 142 455 395 460 405 415 373 129 288 290 56 373 402 422 60 464 467 314 207 350 56 16 130 33 270 390 400 290 53 220 61 421 104 194 331 201 378
132 65 4 216 200 303 66 434 334 74 358 232 224 138 98 388 90 481 440 260 214 350 423 105 466 473 114 460 352 39 80 83 213 347 371 468 218 363 73 304 125 451 323 339 129 211 348 427 38 230
446 365 151 405 284 352 49 151 196 295 314 406 223 56 266 490 65 184 345 88 401 102 424 181 414 330 341 81 396 452 396 83 162 149 458 294 15 420 13 370 322 373 446 149 119 404 373 372 297 168
140 111 251 471 217 434 2 10 435 319 142 374 168 248 360 231 473 82 146 156 438 310 371 180 373 390 399 457 162 475 146 83 494 105 32 190 270 160 175 457 326 204 161 106 158 67 352 17 285 337
16 136 432 217 426 482 254 125 268 180 288 433 336 30 17 197 295 270 58 322 50 274 113 220 250 469 327 378 222 204 262 130 237 196 344 19 365 86 269 402 417 423 334 47 74 226 485 469 83 444
163 152 219 394 359 16 479 290 26 377 333 327 386 192 317 402 187 464 55 112 287 400 127 332 105 132 316 305 372 293 73 144 276 213 45 440 60 303 397 206 237 90 136 180 371 56 81 14 401 246
455 422 343 113 326 447 138 477 453 55 268 476 299 376 391 234 42 467 23 380 305 367 362 260 466 75 483 420 411 94 180 262 134 275 32 442 62 218 164 147 75 308 131 310 414 347 203 376 98 396
176 4 81 308 143 86 161 150 440 286 241 61 290 21 131 367 24 317 19 350 287 204 194 176 342 174 472 56 163 128 304 273 263 208 461 376 365 43 370 324 402 126 364 317 287 499 368 458 467 471
337 223 212 328 98 149 363 52 423 355 45 481 35 172 120 11 115 267 309 138 439 70 330 232 299 139 413 393 412 450 451 81 73 103 312 268 187 85 239 102 341 126 41 215 146 255 72 409 119 175
376 166 99 376 383 221 358 445 305 202 57 178 172 321 323 375 338 381 296 229 1 305 311 262 263 480 290 447 460 94 239 19 216 19 463 235 150 177 199 46 305 235 127 320 95 379 117 418 407 471
487 338 368 169 57 45 118 491 11 475 273 372 454 3 399 319 311 122 278 331 289 224 468 31 153 22 228 299 247 8 347 248 309 105 289 337 5 283 273 449 332 273 395 251 356 473 184 345 381 158
299 240 103 218 423 62 129 103 106 338 69 87 28 500 348 36 254 254 376 426 236 190 298 448 40 202 442 310 125 71 314 135 434 394 331 207 300 411 447 283 298 92 398 156 177 232 205 397 34 294
208 240 156 56 138 328 269 6 158 500 141 367 492 424 461 166 176 452 196 165 367 77 415 24 294 98 166 192 417 324 190 381 210 440 391 265 122 322 130 69 255 3 57 131 223 239 380 295 445 206
292 30 215 14 175 166 41 166 405 310 208 289 206 11 262 473 284 163 303 101 418 489 234 290 189 93 207 301 139 73 46 41 299 104 228 245 466 25 89 198 237 279 379 355 165 201 310 96 216 269
157 485 8 238 212 116 348 491 376 20 136 484 28 110 465 295 6 127 260 351 271 227 388 188 281 417 261 386 277 116 55 320 71 409 369 374 422 36 123 300 33 463 422 10 450 307 125 424 437 170
45 83 456 102 226 128 276 225 176 362 339 339 440 371 77 426 301 194 288 244 384 389 443 399 275 415 400 211 165 273 443 96 138 393 18 384 270 264 311 441 151 386 61 474 378 11 492 474 324 66
70 386 443 87 253 319 71 38 368 125 405 327 387 489 413 166 59 464 464 3 362 11 454 337 411 378 239 414 133 496 466 399 1 491 490 295 55 384 477 227 316 411 496 27 324 183 415 73 443 130
356 19 165 470 491 461 333 202 245 357 270 287 9 222 463 275 280 178 407 279 467 43 70 54 355 373 255 465 244 239 74 154 378 326 315 41 221 478 111 320 77 84 316 2 134 28 418 498 325 93
1 317 124 362 423 150 352 282 338 94 11 98 116 433 37 433 161 409 348 41 193 364 21 135 484 239 150 481 115 490 231 460 14 345 51 408 380 373 377 242 416 37 437 224 263 321 469 153 0 119
328 180 390 470 220 281 116 355 469 199 222 149 60 393 475 474 231 345 112 309 146 357 138 302 186 372 231 169 22 335 273 62 137 10 390 342 154 169 432 374 287 328 247 43 495 44 419 469 59 489
152 38 300 353 453 300 337 378 340 73 295 476 451 275 154 320 390 499 23 496 382 456 87 211 209 460 147 173 395 69 36 239 237 334 10 356 245 305 173 493 18 450 474 340 237 500 262 220 490 28
113 89 286 1 202 258 274 138 165 434 336 252 119 167 111 229 10 249 338 149 153 313 162 16 443 283 38 210 29 280 9 88 133 471 104 141 471 2 391 70 464 232 446 97 85 253 332 475 54 11
254 310 430 22 280 229 499 329 462 211 466 205 363 430 270 355 388 459 382 429 40 246 474 411 288 274 147 389 69 470 247 308 308 213 77 249 42 431 445 51 226 183 50 333 332 393 106 284 124 262
222 373 14 418 360 209 282 279 9 370 13 196 137 173 52 272 210 433 215 264 413 101 279 371 33 180 306 195 451 205 131 374 212 422 290 429 291 119 78 239 452 220 206 130 116 248 128 453 499 484
194 345 146 319 412 280 176 235 10 368 332 410 211 132 432 69 36 482 77 343 266 216 67 77 117 262 332 373 143 372 13 427 303 56 147 68 113 426 115 81 159 395 202 69 63 118 25 374 265 325
306 499 264 348 8 389 150 249 44 360 374 369 472 328 387 312 208 164 422 31 419 65 381 240 428 309 228 476 386 477 350 446 186 69 74 490 280 30 273 195 267 325 221 164 191 474 308 16 473 363
111 477 456 422 51 182 82 170 294 76 395 128 429 9 72 157 31 314 412 485 305 422 62 102 468 451 354 270 268 483 85 46 225 114 309 313 158 465 102 428 214 388 196 66 193 191 103 51 147 396
116 182 246 376 223 497 117 415 422 86 359 495 458 24 299 208 30 15 262 257 457 397 391 95 177 24 325 148 42 493 459 314 16 23 30 247 277 454 18 400 297 427 154 61 225 243 282 37 111 222
460 151 143 385 176 463 483 446 386 113 419 433 496 70 334 99 320 477 211 190 101 437 246 381 241 492 335 190 19 493 291 308 356 32 4 144 1 337 499 178 122 156 428 453 246 407 202 297 477 41
242 218 241 347 6 416 26 165 202 62 445 235 301 472 65 356 114 294 423 293 392 104 43 373 394 111 17 175 94 238 25 438 11 432 414 415 82 393 237 112 495 402 460 336 281 34 189 495 385 149
96 289 112 413 3 482 104 379 93 214 220 136 342 288 112 376 391 243 450 86 243 349 499 265 154 426 64 421 265 79 214 443 215 262 90 142 301 3 128 183 127 111 335 188 176 335 330 261 332 163
337 125 397 315 98 171 64 371 226 220 61 12 105 190 422 197 308 159 479 492 339 107 341 495 117 318 409 183 388 343 398 275 60 89 363 57 212 279 315 476 424 368 87 44 25 105 422 88 109 158
414 483 387 368 78 99 30 47 28 63 268 118 378 345 174 367 260 156 374 443 249 315 76 205 187 104 5 181 84 457 429 487 266 159 394 489 473 428 284 213 479 390 162 261 442 352 322 72 257 342
