100 4
32 95 13 90 46 53 47 20 99 7 96 81 40 63 75 89 30 28 72 88 57 23 86 34 94 92 57 34 93 29 69 62 52 5 72 48 49 72 50 59 24 16 5 77 79 97 50 67 30 18 23 84 76 55 13 83 8 56 42 99 42 24 14 88 16 19 1 23 56 52 38 92 20 20 31 78 27 100 76 54 81 21 18 75 97 77 10 97 19 29 51 42 91 100 95 29 19 27 80 23
454 377 341 196 18 158 110 331 405 206 86 458 33 112 376 172 313 194 453 415 39 180 263 44 347 112 139 91 176 271 254 203 61 77 444 219 62 206 359 215 307 230 65 228 340 126 200 150 252 205 462 437 495 333 372 364 162 239 479 312 246 28 315 385 330 412 309 387 240 405 453 39 248 368 246 393 305 92 328 482 97 107 153 245 161 306 39 441 495 288 291 18 220 293 237 229 120 207 398 487
335 132 413 174 211 339 148 149 8 328 351 148 489 217 332 8 404 228 265 335 105 173 244 225 117 47 423 425 71 119 219 191 68 496 70 46 412 444 63 28 499 8 106 125 135 15 93 448 176 12 29 35 249 380 463 385 496 48 409 439 327 25 77 383 257 370 153 367 247 13 382 485 218 52 473 464 489 169 341 384 119 74 13 79 22 181 28 202 361 70 447 15 383 110 23 275 175 387 295 221
409 88 227 36 45 331 13 116 82 356 243 200 338 340 489 429 300 381 291 73 181 405 387 72 421 169 470 227 413 312 450 109 302 70 221 159 182 331 114 277 200 146 308 105 400 64 333 338 370 462 473 175 460 389 322 494 341 152 312 304 299 126 244 299 115 388 299 498 57 423 427 357 55 274 75 380 395 90 193 139 97 27 202 178 193 90 277 112 49 428 410 216 241 333 439 92 306 235 254 146
80 418 331 107 36 163 162 100 160 394 371 294 342 150 220 24 455 310 320 411 67 338 260 73 199 63 337 180 308 116 172 144 248 79 296 193 179 420 382 464 472 176 86 337 22 429 313 151 30 179 313 364 139 16 191 68 399 365 369 277 225 365 406 75 494 453 240 470 240 32 192 179 475 126 409 293 202 377 173 332 152 84 153 187 155 329 138 463 296 20 231 3 459 165 23 420 159 362 47 40
274 118 19 67 252 84 471 241 195 499 245 267 420 209 89 461 377 21 462 273 341 447 472 160 180 479 71 165 173 30 183 149 87 248 291 88 419 208 141 332 247 76 46 98 15 35 316 428 63 259 178 432 136 409 484 54 139 456 9 70 47 386 273 156 400 345 51 275 105 33 418 486 255 328 217 212 399 345 24 313 98 244 150 105 7 499 385 229 474 264 409 244 431 347 13 203 500 192 295 326
254 310 165 128 165 313 93 12 65 448 4 67 22 458 395 425 187 79 10 373 397 102 202 316 136 285 312 85 292 459 307 441 283 45 82 243 365 426 63 220 145 397 274 110 246 122 147 179 35 326 154 122 224 386 453 381 85 495 383 293 9 447 266 477 193 456 129 449 5 364 102 52 248 341 462 430 9 463 1 484 411 190 236 104 86 176 174 373 461 23 9 60 240 198 467 2 383 473 129 474
104 97 26 64 193 268 299 436 329 248 126 487 132 34 29 355 320 327 341 258 117 66 401 427 244 92 489 141 395 363 220 113 477 178 343 166 398 445 475 103 476 423 426 138 258 342 351 337 261 169 345 199 383 445 228 460 325 288 407 399 44 446 262 426 70 336 357 297 204 354 397 284 32 139 202 39 475 95 126 124 235 426 384 219 215 7 238 160 15 344 130 336 13 250 57 94 305 201 460 12
83 224 102 147 335 112 64 311 481 335 470 479 452 442 495 480 136 55 437 427 135 356 34 6 74 378 431 85 198 143 436 79 487 101 396 260 169 238 256 359 402 329 107 206 357 229 297 413 70 262 263 157 24 43 404 135 219 338 371 458 151 312 303 271 216 140 166 150 74 231 27 453 260 83 202 415 432 499 240 464 195 302 308 272 207 251 152 59 290 489 455 295 255 438 227 395 102 469 244 373
285 246 437 229 435 174 305 393 352 144 21 217 322 309 419 429 326 61 295 175 218 380 364 267 335 185 456 179 353 421 293 83 224 105 438 372 305 488 103 500 393 77 81 39 141 331 402 447 375 298 264 223 467 328 5 223 119 478 50 446 184 156 320 111 350 330 308 65 359 60 453 69 382 167 172 273 146 418 490 131 375 28 183 487 38 36 64 272 22 82 471 488 198 241 229 157 454 487 388 355
163 465 489 390 60 157 387 354 332 499 18 150 174 84 492 6 161 305 386 71 243 316 27 415 284 68 347 369 219 335 207 230 143 354 45 10 133 304 308 232 407 367 402 372 371 61 27 344 170 137 396 261 65 243 431 251 362 100 262 432 119 221 388 90 216 50 119 364 165 410 218 359 55 472 375 107 481 198 361 454 350 357 270 51 289 182 42 217 256 176 357 251 494 148 410 57 235 101 414 454
222 266 403 457 43 179 194 294 238 306 472 229 392 399 478 98 17 52 429 77 310 286 26 110 253 480 215 385 426 174 438 417 51 104 316 127 81 379 307 42 184 192 309 183 154 439 255 175 245 240 397 397 346 394 343 172 172 63 413 294 386 35 285 92 84 248 463 212 200 236 109 323 294 453 450 39 500 20 385 443 17 40 87 246 67 431 315 435 138 227 110 64 328 333 158 134 431 182 22 125
133 214 82 466 367 142 20 477 426 454 283 19 383 3 140 300 178 47 19 433 193 11 48 2 311 488 127 137 297 273 64 161 5 258 332 42 277 425 366 280 286 473 462 300 328 367 269 437 270 243 39 122 415 377 394 281 306 393 118 276 429 465 219 388 150 283 263 105 261 45 17 362 164 247 197 493 306 473 305 84 389 490 454 256 42 309 132 31 416 280 79 65 118 89 422 474 65 119 168 353
269 181 68 129 27 185 444 145 280 222 322 337 141 82 375 215 90 469 472 198 233 354 189 86 270 86 157 76 174 304 414 85 138 490 495 179 8 126 115 373 297 481 81 312 457 435 72 438 499 373 225 143 401 117 417 446 466 317 446 113 48 62 304 245 35 113 7 332 45 326 177 39 0 253 335 22 32 104 28 7 356 311 247 351 270 263 44 323 22 466 141 186 71 45 12 64 109 364 361 482
414 68 324 206 91 360 129 240 286 98 179 320 122 342 379 439 259 65 113 155 110 197 252 133 7 280 176 346 383 236 443 257 89 128 295 466 343 417 120 193 443 103 68 55 498 126 317 45 33 65 326 137 305 278 222 243 152 147 327 475 219 457 457 358 366 236 285 276 405 235 430 175 128 427 275 418 101 97 166 90 428 260 191 404 425 251 466 224 251 335 291 188 28 95 327 226 260 430 467 493
144 413 287 363 27 17 396 483 12 327 338 223 350 426 303 87 99 472 132 439 131 204 272 110 499 456 385 403 426 52 496 1 368 216 221 8 267 294 446 16 325 328 257 372 285 175 455 221 96 155 219 23 155 57 271 216 310 460 248 453 2 144 394 116 134 288 15 437 45 156 448 222 329 440 469 268 38 75 429 296 418 432 268 58 468 15 45 122 242 302 324 387 371 4 138 313 321 295 306 104
312 181 50 16 230 424 62 273 324 442 147 300 7 495 124 240 433 448 136 247 2 417 439 301 155 410 72 276 492 405 377 109 153 477 297 201 28 432 236 44 287 317 363 195 387 211 96 134 411 489 47 224 372 324 21 1 342 484 439 71 79 79 414 15 241 4 301 125 57 354 142 98 95 48 454 171 481 155 140 233 17 174 90 93 449 377 295 118 227 110 255 334 43 307 385 328 382 344 102 211
230 385 119 300 33 160 244 227 275 338 142 186 32 89 379 349 449 429 131 83 358 404 56 324 110 440 309 217 275 32 248 214 323 275 367 186 8 324 149 301 361 113 35 82 434 129 463 112 157 160 442 382 424 381 447 445 341 392 95 465 367 195 317 113 470 91 72 427 464 432 414 460 146 387 344 12 486 239 244 44 439 333 351 112 457 320 475 371 251 226 417 365 90 329 401 147 444 403 417 99
99 131 357 478 14 351 332 434 62 480 370 208 181 352 116 472 208 163 113 120 23 96 499 454 41 378 81 56 168 16 357 307 229 361 196 378 470 159 130 417 373 403 328 476 67 349 211 207 216 6 228 296 481 53 352 324 303 39 438 470 349 283 427 299 31 398 348 159 204 83 483 451 401 337 383 11 307 75 61 69 467 46 62 15 83 223 77 180 237 225 31 264 312 421 302 40 358 40 82 108
310 462 479 189 6 276 59 490 398 23 180 161 74 410 334 367 385 57 450 484 237 222 72 298 155 412 207 232 33 245 63 189 253 483 230 494 425 46 194 467 255 304 42 164 16 216 203 340 44 424 90 312 245 7 105 224 358 252 86 149 489 79 370 27 52 433 473 263 181 367 348 19 222 145 293 334 493 92 376 187 86 196 248 97 417 120 21 226 450 43 101 260 392 327 110 458 391 455 367 60
348 312 388 304 414 363 98 222 276 431 239 39 97 422 286 340 184 342 157 369 179 236 448 438 484 56 109 161 394 428 304 267 226 114 456 368 461 454 131 427 497 354 265 499 452 144 121 300 372 350 338 322 42 400 309 445 75 345 75 397 114 122 145 247 197 364 308 296 67 384 355 57 264 87 316 86 389 419 112 317 40 6 416 32 409 149 117 222 379 281 145 485 39 189 475 137 165 444 311 415
148 33 271 318 9 130 38 318 189 321 454 424 389 429 42 402 454 299 1 88 265 348 89 270 44 116 327 114 212 121 356 308 341 445 169 422 49 156 257 11 402 298 490 369 314 12 473 496 431 255 110 340 433 435 102 194 180 425 143 332 47 339 398 172 142 406 328 179 469 313 53 358 172 251 81 456 164 392 113 298 205 99 169 238 353 294 350 441 99 216 187 474 420 289 341 425 396 67 109 325
378 231 2 129 125 165 226 172 65 469 84 115 19 183 439 21 402 351 64 42 157 349 36 303 228 112 300 201 372 499 480 276 389 91 47 96 276 93 233 339 102 277 330 76 206 197 367 220 49 322 472 432 31 413 274 18 159 237 308 0 479 11 323 484 113 450 425 325 165 269 73 200 18 132 152 107 153 0 9 335 461 267 323 255 225 3 363 77 313 165 383 286 466 368 361 419 32 318 479 411
204 32 311 133 408 202 208 409 65 16 387 433 29 164 254 461 151 374 493 201 53 466 456 338 462 497 342 215 456 273 223 40 484 205 242 131 299 470 169 367 216 16 164 158 313 17 361 203 116 128 308 155 7 397 171 253 128 384 58 382 319 339 7 401 493 119 457 32 265 118 40 333 454 198 222 472 338 233 41 27 330 131 310 361 45 28 19 176 112 441 230 436 127 476 484 256 482 425 39 162
452 401 174 9 8 430 261 346 379 122 408 74 238 381 68 154 53 264 322 91 493 227 157 485 310 92 428 26 452 357 308 66 138 380 158 434 358 50 428 229 47 95 458 168 75 105 49 232 111 177 46 365 76 233 80 235 66 75 5 390 167 259 334 260 282 407 240 96 482 455 137 388 164 406 397 42 379 135 413 2 131 195 299 434 369 45 347 67 416 394 279 414 2 448 370 462 158 157 99 377
210 288 448 475 68 7 388 298 249 475 72 106 327 407 43 225 474 206 429 272 66 140 175 492 462 329 263 208 17 430 412 416 51 126 87 368 81 413 107 16 360 278 244 148 185 292 119 393 85 296 353 259 494 473 443 57 153 473 329 363 18 194 188 68 159 20 404 479 439 334 403 85 25 440 327 235 216 206 459 145 265 481 93 345 66 170 65 340 414 224 424 401 284 359 480 494 232 218 107 405
89 115 88 205 446 454 73 47 76 479 260 374 138 345 200 148 138 449 297 481 145 465 249 324 367 468 3 177 163 188 428 78 8 28 227 166 181 126 209 36 335 284 159 355 452 327 210 90 111 382 16 361 34 148 60 329 317 247 336 4 318 265 69 290 6 256 389 233 342 88 459 448 15 188 247 468 308 210 46 384 332 373 337 62 262 468 498 14 43 337 187 326 446 254 199 497 310 283 316 418
408 292 102 312 360 332 121 276 482 421 152 254 261 190 499 226 111 496 489 123 114 156 334 341 337 322 475 50 419 447 496 463 144 418 138 202 174 324 11 176 372 144 229 147 429 298 336 281 395 107 175 27 394 51 346 236 304 21 292 461 404 125 207 341 142 304 123 116 293 265 325 119 159 326 182 218 187 398 73 436 409 169 435 157 140 246 76 68 308 461 284 467 419 470 289 181 448 212 48 500
323 367 26 379 305 408 328 343 25 328 206 443 494 24 292 430 139 145 260 214 323 488 147 25 78 411 234 313 401 410 445 354 82 193 356 471 110 404 22 471 201 134 140 374 297 73 123 144 192 454 27 215 485 298 208 382 465 125 425 350 33 151 421 192 428 367 227 330 15 265 188 262 129 213 170 449 101 387 455 498 55 337 435 484 283 25 191 465 407 215 112 271 282 354 322 414 177 334 442 46
266 49 462 119 395 369 363 113 58 436 497 5 336 118 342 458 71 407 229 186 400 92 301 313 311 285 61 455 99 32 256 166 263 115 123 401 495 147 263 192 135 201 118 429 246 329 105 342 191 462 137 118 155 167 53 254 464 74 36 291 475 123 67 320 358 187 34 499 258 167 301 85 152 436 281 60 456 488 487 169 71 228 301 440 31 30 180 184 476 109 68 89 371 331 323 401 173 456 148 97
500 6 240 361 492 424 438 372 357 311 473 295 256 175 500 180 87 461 383 88 304 470 134 371 425 336 16 479 349 374 34 188 119 156 8 284 37 153 403 454 177 179 434 452 173 34 134 250 202 329 384 192 179 64 129 350 371 123 21 165 445 22 376 457 236 178 219 28 114 403 117 103 300 192 155 139 469 362 252 225 37 111 157 337 123 319 274 17 318 413 213 455 158 483 469 457 452 168 193 176
319 337 337 109 201 279 156 314 124 470 128 225 425 452 175 306 148 407 368 426 98 295 422 38 330 242 102 498 220 466 237 284 398 124 409 186 488 453 368 36 434 187 25 492 293 52 403 149 406 77 301 156 349 355 421 72 159 174 43 279 206 184 421 398 358 48 237 121 395 359 231 497 81 31 181 500 303 64 210 382 279 355 246 452 232 456 435 339 490 332 408 248 225 86 465 91 188 364 53 382
338 466 315 297 347 450 66 433 339 431 475 47 97 199 155 448 252 186 234 422 420 410 266 243 411 391 452 143 422 425 378 288 170 78 16 186 414 372 131 459 289 266 255 211 145 18 288 68 149 69 408 250 325 234 241 42 22 96 327 155 267 84 263 320 23 191 51 456 473 262 218 106 79 427 492 297 213 262 171 187 227 416 403 191 163 15 284 141 439 365 46 436 405 359 215 489 192 251 298 274
112 409 49 393 104 248 370 239 14 454 490 383 125 105 191 129 491 40 140 284 453 164 326 86 186 110 485 118 160 186 390 363 211 473 232 456 451 216 70 108 402 242 494 297 107 191 421 16 96 247 117 453 373 299 30 128 363 279 484 209 462 116 410 362 131 43 411 145 216 308 137 494 313 58 432 86 193 223 282 375 107 385 472 307 386 0 148 324 104 78 418 418 37 221 129 344 350 65 431 465
173 433 491 358 487 103 342 383 230 73 367 404 5 121 57 65 479 430 83 247 134 139 145 310 423 380 288 413 243 33 164 14 292 97 350 108 243 381 65 291 464 103 138 312 394 337 157 487 488 495 87 141 217 219 259 173 335 105 276 130 446 341 489 6 186 438 316 313 76 482 417 186 400 263 459 437 285 293 366 273 34 159 190 473 407 216 115 223 418 78 177 206 199 430 410 446 443 27 50 416
371 24 144 172 426 282 289 30 403 332 487 40 153 30 268 293 165 215 344 15 349 336 182 188 202 49 496 410 155 51 276 121 480 195 126 43 168 332 310 403 138 378 116 51 231 390 357 383 64 83 362 20 149 413 498 308 378 250 292 427 90 433 345 129 83 122 92 292 227 48 362 49 14 467 61 176 100 375 438 83 396 103 139 177 155 437 400 43 228 167 337 146 343 159 38 301 223 361 276 246
365 168 294 165 167 118 398 379 313 390 107 347 363 307 383 16 92 12 273 112 192 144 300 248 140 236 489 181 408 451 4 119 220 394 430 156 443 176 122 200 66 140 117 442 167 337 83 336 389 89 158 386 309 107 136 238 138 211 266 85 179 429 69 307 432 271 284 76 340 29 327 230 278 434 255 40 0 438 383 230 175 40 321 285 205 254 264 364 241 242 381 215 137 290 385 195 267 418 477 354
116 458 357 240 448 269 293 374 436 351 397 234 254 197 271 313 130 24 289 202 475 321 34 213 227 453 308 92 195 201 57 3 469 273 227 476 251 182 317 101 231 213 40 374 161 19 421 345 1 0 320 143 27 273 461 247 370 239 108 478 205 297 212 69 279 84 147 162 306 476 398 375 227 341 485 266 326 320 179 100 87 71 276 256 6 318 206 247 63 138 454 249 270 29 139 128 371 278 424 352
322 247 361 141 162 44 356 43 395 106 353 206 324 401 331 497 297 351 289 312 272 473 239 228 123 84 103 438 399 380 392 28 50 85 143 447 328 88 271 308 143 276 67 481 251 458 373 464 458 498 179 39 237 349 239 179 224 423 46 27 168 14 18 273 124 350 229 434 297 297 396 15 198 89 309 237 26 281 227 336 450 475 118 316 241 108 422 481 402 195 431 216 285 392 142 467 500 151 472 453
230 283 295 5 380 114 295 299 114 325 34 63 347 316 391 388 236 425 155 184 174 379 430 212 91 87 320 229 373 396 283 32 358 59 498 500 80 166 177 318 240 117 350 194 451 156 235 139 115 143 134 157 73 483 435 199 428 420 166 466 292 316 67 210 212 295 189 358 138 15 252 438 119 256 32 408 392 312 156 336 131 56 158 312 357 294 346 460 240 167 197 204 275 443 92 105 235 494 275 199
218 475 175 181 288 31 290 43 20 124 475 377 399 351 440 299 336 186 78 386 303 273 371 277 119 479 86 68 291 379 164 110 125 411 410 484 67 424 267 78 78 77 121 343 215 212 60 202 303 278 165 351 159 249 106 23 276 144 108 322 249 453 165 14 15 182 416 198 285 151 127 207 388 283 116 247 2 348 492 418 21 0 160 171 425 388 196 107 227 421 375 140 255 374 371 294 8 125 432 242
390 54 269 119 72 482 492 258 283 216 359 306 493 446 55 16 200 135 425 146 431 477 499 153 253 297 442 343 263 233 391 91 224 385 419 8 413 127 158 114 10 407 311 354 89 233 290 104 320 192 26 329 422 84 314 434 165 49 151 0 199 234 186 248 114 381 110 367 279 420 312 2 59 138 179 178 354 165 162 393 325 46 233 431 144 250 249 198 226 94 381 4 158 341 479 173 45 473 14 209
118 442 136 96 90 388 190 453 470 33 236 498 485 269 389 161 287 117 179 221 178 235 314 131 160 255 488 317 434 323 464 236 419 171 31 496 39 462 197 113 451 218 1 380 139 334 417 28 491 206 387 76 8 211 335 368 198 197 492 146 480 418 114 301 227 324 498 77 13 19 132 473 361 427 89 299 447 484 264 77 141 107 35 50 184 192 237 274 453 279 472 383 428 429 458 438 319 114 308 455
245 494 205 84 342 394 44 466 389 409 369 486 449 370 213 423 419 419 64 53 256 224 131 4 150 492 304 291 301 103 50 125 410 380 464 5 342 359 435 282 452 211 203 110 384 289 58 140 238 143 29 66 31 475 73 180 2 217 238 61 201 330 215 34 276 42 462 349 405 58 299 426 215 360 431 347 37 359 73 253 221 153 211 120 471 20 62 367 72 496 19 450 27 48 211 225 149 282 251 20
398 253 200 349 375 361 72 469 278 254 468 328 40 70 432 335 416 373 327 466 384 40 404 376 3 100 213 219 373 306 192 489 69 483 382 238 449 153 286 499 312 232 324 407 264 480 394 115 113 407 323 415 305 187 425 425 476 45 418 38 304 162 270 84 139 453 298 430 156 266 420 142 448 233 367 207 286 122 405 102 250 17 310 226 8 333 460 64 161 271 309 418 256 246 26 116 66 34 62 257
330 435 78 336 41 88 42 441 331 252 252 194 299 96 437 224 449 484 379 12 142 206 12 380 243 102 251 127 135 159 59 13 427 158 343 89 141 36 369 114 277 94 385 204 365 12 274 417 347 51 389 268 10 100 436 249 257 473 89 101 129 171 439 324 483 65 359 415 230 245 153 23 59 397 384 297 125 94 73 54 13 58 174 189 202 365 144 185 136 132 182 332 89 37 2 184 405 241 216 204
493 244 68 489 116 492 239 81 64 444 382 155 269 338 43 55 24 201 336 298 474 83 125 20 329 304 441 29 174 439 49 368 34 140 40 154 444 377 455 310 327 165 48 57 300 491 243 362 401 403 293 169 347 1 104 193 327 195 4 198 320 405 167 42 450 75 33 81 20 360 352 154 60 251 364 236 385 347 393 246 436 385 103 4 54 19 230 413 31 446 347 273 187 239 57 73 71 86 313 26
150 299 374 105 236 276 160 319 138 355 240 381 180 11 63 385 26 466 379 482 229 224 96 277 284 155 426 473 72 212 202 141 251 172 500 71 237 157 173 424 384 189 237 432 189 326 416 333 173 205 359 147 200 366 442 381 200 455 376 455 199 248 23 143 81 1 453 498 73 315 12 43 6 321 288 299 376 64 10 127 355 48 358 47 46 9 274 284 40 365 458 225 71 271 175 135 15 307 400 368
108 152 13 175 441 439 474 145 99 367 58 155 469 299 19 185 397 487 371 450 339 276 70 124 161 440 32 160 336 242 322 478 321 149 32 473 94 432 466 343 138 330 203 447 426 31 144 298 221 381 290 268 238 13 331 381 359 322 407 66 271 217 339 371 330 24 226 119 381 318 335 481 451 77 400 489 382 439 286 6 462 205 170 368 323 248 473 355 152 218 10 154 187 64 434 448 162 207 61 450
463 439 355 197 326 261 444 121 31 415 269 261 194 67 462 31 468 450 310 344 39 71 195 500 414 39 474 441 303 460 231 110 230 367 405 258 238 380 464 431 375 96 315 199 407 7 386 357 90 342 186 343 35 139 399 153 132 54 377 473 276 186 4 285 385 64 387 86 299 308 203 464 489 84 122 46 198 227 281 162 334 467 219 225 168 384 344 463 378 193 281 240 123 36 278 105 211 251 336 317
235 290 426 220 493 448 321 473 41 61 316 130 370 351 102 161 384 460 345 345 82 148 65 78 298 423 5 303 424 35 85 271 292 276 320 411 277 461 316 457 315 77 26 86 112 158 430 474 155 172 84 312 186 413 405 136 155 1 254 252 17 30 2 52 163 332 173 78 28 394 226 359 208 286 437 326 469 39 161 330 176 171 191 265 164 123 452 254 303 167 356 307 168 466 403 467 488 450 59 350
114 264 68 58 419 214 69 458 342 366 199 427 395 107 118 117 112 28 292 79 51 257 263 331 248 441 178 303 429 365 127 278 25 310 233 166 206 298 71 308 301 161 246 120 336 264 151 363 219 301 217 251 233 85 84 324 293 425 57 89 316 243 301 67 401 499 200 1 332 412 294 172 201 272 49 264 263 163 331 339 372 184 189 246 429 17 100 197 242 337 282 136 456 36 38 453 213 9 227 389
266 227 476 414 272 70 253 43 180 54 424 403 97 484 138 115 97 224 379 411 210 280 219 367 143 66 443 172 371 137 470 104 220 114 95 457 25 430 133 436 92 362 346 456 249 229 306 299 398 307 210 180 292 88 137 123 413 329 56 227 395 339 465 366 271 359 84 499 91 287 432 356 424 271 461 125 455 342 454 454 458 158 483 410 224 22 242 271 49 91 63 117 296 289 448 359 408 355 123 271
365 110 126 320 20 300 2 70 344 340 169 231 229 132 320 350 265 15 80 499 70 248 272 204 203 15 246 203 449 117 60 259 466 314 468 448 411 374 123 463 226 414 55 261 264 203 453 211 158 139 457 162 68 328 285 389 79 269 482 171 51 16 111 289 413 210 135 47 230 331 454 17 232 403 322 120 478 93 370 174 470 474 378 26 425 88 156 398 198 135 397 469 158 34 207 178 67 191 470 336
411 253 107 142 358 278 333 259 389 461 387 499 437 1 50 415 18 158 76 342 107 375 282 296 46 310 134 140 28 199 6 431 314 177 500 63 322 190 33 216 365 238 389 353 463 171 295 489 388 351 124 329 237 287 185 226 226 143 68 172 226 333 124 312 181 325 251 327 234 162 447 427 65 370 23 405 479 250 64 302 286 157 142 94 166 131 317 293 459 293 357 76 446 13 125 498 13 244 29 290
96 218 78 85 74 486 25 258 380 107 108 222 32 37 302 105 314 125 286 220 380 17 243 470 169 316 51 8 22 124 333 26 461 154 456 154 499 251 428 74 429 95 209 403 94 120 146 76 350 66 80 148 48 284 436 314 401 463 329 5 319 34 454 352 294 123 487 433 22 283 218 201 372 229 497 418 221 142 65 39 193 315 139 429 497 289 444 348 54 481 57 459 353 469 12 117 468 10 219 355
89 10 368 219 251 83 444 40 61 384 245 297 387 245 71 116 241 281 360 126 435 138 472 406 186 129 136 347 365 56 181 60 145 100 164 487 486 58 11 67 350 292 337 434 407 448 485 219 47 272 265 137 214 250 337 281 298 186 99 184 226 365 223 486 86 238 81 379 391 422 410 393 328 304 386 11 479 284 96 406 418 475 102 19 234 62 129 73 182 309 222 405 43 414 495 298 121 277 269 36
44 295 187 243 467 315 78 356 261 427 56 229 235 157 205 184 263 166 24 228 273 190 389 85 418 496 58 460 23 18 80 255 258 264 438 499 200 67 131 170 71 101 179 239 118 51 97 221 474 323 224 316 239 33 117 310 148 192 378 396 351 432 24 118 127 467 336 393 187 34 44 64 105 200 167 243 144 403 292 158 120 335 95 157 454 266 191 448 483 216 12 234 142 105 402 173 46 433 261 160
175 132 73 176 12 243 170 414 232 275 229 445 219 446 152 308 472 487 321 178 81 48 381 212 114 43 421 382 397 132 418 57 402 354 121 238 193 100 204 298 343 0 19 255 178 161 221 31 134 263 308 29 238 219 447 445 494 197 311 323 168 315 267 66 214 465 127 46 124 437 91 333 271 442 374 428 321 149 339 164 84 226 34 105 135 479 38 237 328 154 418 491 171 149 18 18 470 82 226 240
407 230 237 245 382 352 90 97 445 348 316 368 72 258 471 139 381 194 196 332 76 239 342 415 191 250 399 412 253 423 465 42 312 71 449 24 75 224 441 43 406 4 10 109 397 480 104 64 13 384 408 460 460 82 416 496 439 193 225 49 366 445 51 292 172 112 7 22 5 142 236 356 449 468 290 81 496 414 302 165 228 42 340 372 476 383 165 322 163 239 274 341 217 264 237 432 103 43 293 319
446 382 475 220 478 146 281 183 481 491 220 291 438 345 495 452 362 378 364 282 249 418 191 330 350 456 101 480 317 312 365 447 252 102 234 69 101 154 174 484 364 72 363 92 422 44 468 259 303 302 120 467 230 218 252 124 466 63 213 410 283 79 481 325 250 3 334 267 27 139 463 499 212 66 432 292 40 336 238 259 370 284 419 97 474 219 379 350 408 344 327 18 168 283 491 186 163 183 465 28
499 277 375 179 196 224 206 178 86 419 377 87 439 87 351 455 491 442 336 335 240 295 89 260 302 385 426 429 494 427 50 424 476 485 310 54 6 222 213 264 196 371 151 321 218 429 290 487 101 459 491 204 56 98 190 9 379 360 282 4 422 104 190 303 385 35 367 299 349 431 442 13 229 373 305 50 157 473 255 102 99 229 52 147 5 438 285 144 239 82 122 387 344 208 23 292 246 451 408 114
132 22 301 35 462 484 173 488 361 139 143 430 47 482 105 195 311 64 294 119 451 484 438 474 316 220 125 215 54 222 91 248 59 29 179 355 306 211 251 403 426 475 197 357 31 106 179 464 228 19 48 137 237 392 449 335 434 336 130 58 500 2 133 280 101 234 376 141 37 122 341 49 433 140 195 203 173 484 349 415 175 320 495 318 158 59 393 42 161 405 341 210 48 308 315 106 333 308 404 351
412 231 89 357 144 412 151 71 178 94 43 114 249 5 28 179 28 39 245 54 484 9 313 112 176 336 50 283 97 491 255 411 264 84 334 442 321 27 478 48 185 53 4 443 14 82 413 427 309 205 462 310 465 118 359 305 98 74 249 409 164 300 55 120 122 44 377 460 212 15 189 408 40 63 113 178 23 188 201 232 136 289 232 259 302 435 235 445 341 344 497 306 405 141 339 475 470 340 248 394
249 61 101 193 476 409 63 396 200 228 460 83 357 416 213 322 457 52 316 293 323 10 283 174 234 155 366 94 194 318 388 193 301 83 407 345 26 233 428 151 15 319 344 349 164 71 101 290 436 182 274 226 208 206 264 220 22 326 117 94 345 201 476 136 199 410 88 328 17 277 244 213 227 86 267 405 463 437 456 80 339 122 143 31 152 470 83 51 439 81 169 33 386 119 389 250 195 153 255 327
160 5 325 218 393 490 393 436 20 194 482 6 55 274 181 457 268 147 443 160 399 34 188 120 86 141 195 74 281 292 160 499 217 242 498 437 377 215 195 260 409 115 278 81 194 368 487 85 184 107 135 496 42 472 324 263 202 45 91 8 370 330 417 11 82 181 335 9 253 494 78 278 362 341 420 66 246 350 345 392 120 232 187 227 379 207 270 216 370 378 390 6 357 468 111 110 215 72 264 354
121 193 369 284 87 393 449 261 215 155 13 292 372 293 332 450 476 296 156 241 217 242 226 215 215 119 313 9 131 192 135 333 60 219 168 463 132 91 38 460 300 299 68 16 35 47 109 174 292 255 234 160 165 71 63 461 46 234 177 18 164 223 214 327 130 137 11 252 419 438 400 465 21 485 231 140 125 233 468 389 170 426 269 105 378 486 459 485 353 56 330 70 256 74 192 77 30 346 262 478
433 410 128 12 165 300 146 409 123 261 15 219 15 135 206 490 192 208 18 40 466 500 335 209 436 91 75 320 59 203 338 124 162 439 228 209 99 484 317 481 90 281 91 403 266 21 17 379 204 195 221 105 197 13 273 375 476 168 168 214 230 482 211 474 333 179 95 189 437 426 286 266 44 133 367 61 7 231 58 406 80 231 407 128 207 118 455 177 233 316 481 454 156 194 336 4 234 309 465 430
341 388 24 361 72 91 281 223 435 85 352 304 284 243 128 381 470 13 236 203 269 55 226 150 256 484 377 32 422 267 112 67 286 467 32 249 425 64 399 344 392 68 318 34 37 72 117 337 124 52 68 139 494 255 439 186 493 55 134 248 419 411 475 201 427 99 8 325 202 330 42 496 39 37 298 369 306 340 46 198 385 353 75 437 72 288 114 358 100 278 251 440 462 233 173 110 145 67 113 345
368 422 299 227 307 470 436 24 9 170 354 165 361 446 128 339 469 417 8 364 309 291 251 484 338 267 188 300 158 284 52 140 37 410 314 421 182 371 484 276 64 159 411 364 440 1 47 395 17 62 287 247 48 393 30 284 471 128 405 84 410 369 344 427 86 76 173 455 471 129 244 33 89 295 84 325 288 315 382 458 411 188 358 0 463 91 18 192 52 327 31 112 487 131 391 255 306 337 229 354
46 313 218 88 278 310 145 340 203 154 482 491 197 74 418 330 394 78 140 369 492 427 171 350 273 192 156 384 347 481 83 417 264 406 184 301 7 351 265 74 54 247 416 61 19 37 386 296 390 52 429 204 128 398 142 191 186 101 201 6 275 396 417 408 230 282 237 175 68 52 500 71 345 27 154 339 7 314 290 146 324 19 98 123 241 380 368 239 159 23 135 408 428 410 442 485 85 237 486 257
471 9 500 293 154 245 272 341 174 426 382 324 441 109 498 167 274 28 164 452 17 422 345 266 377 493 9 220 287 120 9 287 27 225 384 173 10 236 235 252 272 320 481 385 47 473 93 285 129 189 277 457 168 493 25 181 23 140 477 301 434 289 394 320 63 83 379 236 466 457 444 46 335 394 282 47 346 222 172 249 289 462 366 404 436 307 232 253 301 18 421 255 355 458 444 395 496 493 394 476
428 394 181 331 103 92 399 173 351 55 500 311 383 132 121 385 120 41 356 193 430 189 95 281 134 390 265 119 69 52 442 323 236 287 322 255 181 76 135 140 419 178 107 277 23 94 474 142 380 377 305 129 87 90 305 489 307 135 154 168 197 87 61 471 49 457 211 411 145 66 323 492 126 346 197 9 71 97 243 179 129 264 184 440 209 27 401 156 417 13 305 408 179 475 258 312 476 192 198 185
354 128 256 223 127 367 308 356 353 108 274 13 218 238 105 5 234 183 406 51 139 336 103 51 429 365 177 28 247 427 185 210 104 418 33 206 193 298 282 430 333 355 111 299 124 196 386 355 119 283 497 187 300 187 2 164 34 410 302 181 19 30 333 251 276 495 154 484 71 418 21 257 57 71 54 179 170 80 214 336 152 299 148 263 393 235 287 12 423 54 494 224 256 387 156 193 140 295 393 356
358 213 470 192 30 40 248 372 62 32 112 189 381 396 484 11 67 165 202 142 387 311 246 316 87 249 93 77 487 421 312 254 60 312 488 11 280 222 109 186 18 62 24 467 351 248 284 275 392 143 232 153 175 400 348 371 87 406 356 301 195 185 369 283 230 11 324 177 138 141 60 93 416 309 319 451 44 427 237 21 459 223 317 74 152 274 57 98 374 304 398 290 466 471 287 338 240 318 9 500
16 341 196 54 455 499 282 21 212 273 443 172 279 249 237 408 131 120 198 388 294 427 164 239 415 163 178 247 19 264 362 149 314 163 462 494 246 281 299 92 114 147 486 281 310 230 6 181 184 442 118 58 350 418 302 207 271 410 365 43 381 185 303 275 259 302 309 268 95 121 260 324 308 234 437 289 96 296 48 9 358 10 363 459 130 309 347 259 283 311 105 481 101 215 418 339 187 221 411 392
158 272 246 430 350 453 18 246 169 419 42 493 231 113 304 360 45 126 198 53 438 43 77 282 494 5 487 238 396 323 500 258 435 387 243 106 75 139 363 409 146 305 304 109 370 499 391 446 400 459 287 259 257 495 245 496 108 437 67 279 477 204 460 282 459 273 428 324 392 278 327 298 330 230 210 373 333 223 500 187 370 477 429 74 208 73 440 264 271 495 169 318 108 495 118 94 84 346 200 176
433 235 444 357 115 331 74 295 358 103 192 22 71 432 147 119 293 446 462 147 385 95 272 266 370 301 106 337 391 430 472 233 208 7 260 78 34 35 126 456 84 76 468 494 279 46 476 427 469 152 494 392 428 380 83 59 205 258 12 245 200 299 107 248 350 369 53 32 182 243 483 136 289 130 472 407 1 452 378 373 348 329 432 303 496 279 246 84 103 178 373 243 136 490 460 454 276 456 28 51
57 353 258 146 209 349 42 318 316 385 349 264 200 326 134 337 67 12 6 131 449 209 216 39 7 107 94 245 92 492 198 205 349 410 317 27 78 354 212 468 407 38 221 119 322 445 12 243 363 480 445 392 354 332 221 55 355 152 462 27 159 499 356 70 101 265 445 182 19 307 89 65 207 365 252 389 171 16 495 480 384 195 7 276 329 453 345 28 321 434 163 457 63 239 250 446 126 110 432 495
217 56 310 259 190 220 320 166 42 390 237 151 190 281 41 86 309 226 277 304 481 300 298 404 100 61 183 424 333 36 55 205 330 336 248 172 475 417 61 191 450 377 294 11 56 421 47 134 91 157 428 122 306 14 25 498 161 346 254 176 360 201 57 117 207 309 235 48 365 372 275 298 351 431 468 423 85 297 21 378 447 189 263 261 300 182 245 201 345 122 500 185 139 192 235 199 293 245 367 46
51 460 85 298 104 106 38 110 319 448 143 241 204 378 191 250 285 16 95 435 127 313 277 228 207 133 490 262 169 341 39 228 407 74 279 363 466 305 5 174 425 200 235 104 225 249 464 189 383 131 316 401 39 423 359 376 373 32 475 59 8 351 229 229 459 304 47 288 357 250 216 467 259 351 74 228 500 215 445 362 10 171 131 193 89 484 50 249 416 438 137 76 218 127 99 177 183 339 11 235
396 465 442 56 83 49 192 277 72 31 2 188 325 313 335 445 111 19 218 473 45 174 33 229 488 75 313 79 494 296 425 113 195 172 161 29 444 232 102 42 223 130 329 78 145 135 389 252 464 244 0 444 447 114 308 188 89 293 161 109 134 228 200 150 73 262 451 191 34 238 351 300 325 77 161 280 73 359 72 309 89 156 46 430 221 264 432 410 307 322 450 9 194 444 491 313 78 78 250 328
470 277 462 485 286 391 450 22 440 236 184 350 470 251 156 359 186 494 216 467 178 231 127 176 265 58 474 214 65 408 126 233 92 468 75 474 14 499 443 471 459 23 8 70 0 263 174 348 47 132 233 147 355 283 127 178 429 264 242 458 14 360 158 476 496 182 365 181 371 463 21 442 316 433 481 408 323 211 363 103 121 170 292 296 101 34 375 204 498 22 389 477 136 165 379 173 218 434 6 11
389 484 235 322 291 74 156 62 168 147 65 225 208 447 312 242 195 72 71 18 169 107 257 354 119 497 385 295 168 14 466 99 266 200 219 341 60 470 478 62 456 63 86 468 397 255 169 321 209 49 413 22 414 160 27 25 101 236 480 105 64 481 397 393 10 112 41 30 261 312 303 318 290 271 145 127 195 18 210 448 148 260 123 123 349 244 269 332 28 93 328 6 168 232 399 474 487 97 245 156
442 303 389 461 400 241 127 130 181 66 126 326 435 313 301 417 498 471 172 49 441 422 133 44 31 133 210 323 26 300 172 205 281 10 24 115 98 229 181 391 19 61 72 269 361 205 64 108 454 451 131 400 27 362 122 210 477 463 480 163 369 383 104 232 224 127 405 261 309 176 408 482 475 416 388 335 326 202 429 76 466 27 55 45 45 79 114 471 34 27 273 422 250 318 56 231 447 379 325 222
136 415 334 0 90 13 351 318 109 144 161 122 13 163 18 98 80 43 46 339 414 58 47 40 454 94 283 364 357 305 303 466 281 227 385 404 186 153 332 464 101 28 434 304 373 287 177 219 24 295 251 116 78 450 85 171 69 428 412 396 449 36 492 485 350 64 274 190 117 492 171 78 460 77 195 368 500 53 82 375 339 99 325 48 165 161 91 267 379 451 490 176 294 85 148 281 65 410 488 186
21 139 469 354 193 442 214 332 437 396 261 175 2 480 492 155 382 490 122 311 433 276 473 432 256 213 111 487 245 262 79 177 189 421 410 252 96 454 371 476 236 41 383 431 431 492 456 203 272 270 331 134 268 354 242 125 399 84 386 173 433 397 322 325 380 319 282 433 316 94 33 335 479 438 477 315 402 155 322 398 19 475 251 57 152 99 201 303 316 151 131 94 283 302 469 8 164 334 138 318
440 435 159 166 58 201 239 273 202 402 289 435 436 421 222 149 150 392 448 174 174 166 297 107 111 108 223 144 291 286 252 222 415 325 339 482 268 209 89 327 494 149 421 212 68 397 66 5 373 480 252 74 279 119 292 161 375 27 482 234 132 210 496 336 410 379 316 377 394 481 286 426 275 197 367 216 378 167 31 189 172 45 27 261 210 105 459 187 47 222 476 166 154 156 151 486 172 485 126 176
228 129 155 430 401 189 125 463 120 0 296 106 11 289 86 451 132 304 490 475 461 467 103 361 355 173 114 88 312 486 74 17 241 390 468 217 197 326 183 394 449 72 13 295 70 427 428 72 264 366 170 67 40 416 80 268 92 248 306 79 77 241 391 337 6 223 447 456 242 459 140 175 78 453 45 0 83 329 94 402 235 147 230 31 398 335 117 141 417 478 304 192 291 292 92 28 456 156 359 240
10 212 257 341 209 19 150 39 6 8 496 2 95 135 154 14 19 384 54 356 217 168 459 296 352 10 24 7 322 167 333 462 222 55 161 425 77 369 367 277 72 69 294 284 180 246 292 116 173 16 314 160 33 138 41 236 425 248 480 217 360 176 334 105 441 26 268 339 253 447 273 334 31 290 210 351 422 64 200 288 379 304 149 389 265 388 453 334 57 416 332 114 178 311 15 204 65 379 358 323
408 94 264 272 268 173 328 366 398 103 88 297 499 333 45 41 356 170 96 263 103 167 473 50 1 33 427 296 341 405 98 497 356 453 151 179 446 174 491 229 147 193 25 210 437 179 309 1 170 276 283 465 325 279 252 422 477 131 9 149 308 96 112 160 82 273 426 64 434 457 129 284 144 145 188 298 128 462 247 174 233 360 449 465 290 181 243 218 324 483 183 215 361 163 118 388 465 420 223 193
94 181 101 208 425 96 424 388 182 231 330 317 76 474 364 167 363 223 7 254 121 424 192 165 58 433 287 121 228 470 52 373 1 318 424 332 320 282 476 35 275 252 102 65 248 356 469 46 439 107 456 264 128 497 190 147 396 451 46 496 113 167 462 139 411 350 433 442 82 233 58 180 265 87 62 463 378 43 331 497 238 246 384 207 460 63 419 85 141 275 230 460 10 129 278 142 89 372 473 306
290 130 449 55 426 240 150 209 361 430 202 168 369 500 122 314 86 277 284 136 28 284 292 281 338 494 370 271 154 240 175 104 20 448 115 345 47 448 354 466 180 264 114 122 263 322 441 294 15 176 445 5 135 57 438 193 222 94 485 135 167 358 239 460 362 149 107 303 302 421 204 357 259 406 314 232 352 192 454 310 6 468 455 82 38 98 160 323 456 49 33 436 41 475 267 325 236 346 218 475
110 319 460 302 468 126 486 405 88 99 213 105 473 123 242 303 226 301 120 321 120 104 324 174 67 182 494 420 351 313 376 316 324 249 60 135 156 177 488 446 15 414 396 424 241 453 350 265 405 210 418 351 267 428 100 14 66 460 347 79 85 88 38 175 208 266 157 476 348 131 120 205 318 377 208 164 220 71 321 350 14 173 35 457 44 331 416 174 367 199 424 500 254 4 419 250 289 452 465 404
82 395 7 16 39 300 111 267 382 216 498 222 89 372 383 260 140 197 491 87 387 353 430 371 179 67 306 284 499 475 208 351 93 78 16 66 277 287 289 234 74 248 73 271 71 106 184 16 450 39 111 52 398 271 491 335 121 255 260 56 185 61 281 326 341 53 384 75 102 91 208 137 2 376 478 196 399 15 343 276 362 393 496 305 382 444 346 42 288 18 393 58 220 289 111 412 196 356 9 84
62 316 488 406 315 378 181 416 26 396 114 278 389 280 52 265 39 117 439 154 171 184 352 320 196 206 153 359 436 66 376 56 442 36 483 231 482 24 116 104 381 23 333 68 159 266 499 39 479 395 6 473 449 332 45 404 279 41 433 157 78 41 23 266 287 459 256 241 168 345 26 31 13 40 287 302 403 235 377 394 484 370 16 204 359 414 429 56 27 90 230 370 125 283 405 318 127 162 368 489
186 495 54 100 17 48 373 187 323 303 38 10 313 476 290 176 204 376 402 137 99 333 312 199 207 28 453 154 378 460 271 139 278 33 291 423 54 443 130 199 50 60 487 441 77 76 46 235 338 399 490 172 79 384 372 345 123 310 222 21 180 58 174 104 310 362 184 166 235 402 485 320 195 253 175 0 130 61 218 13 213 66 370 466 435 310 212 256 219 214 416 441 56 181 213 466 216 78 459 132
294 385 309 261 86 276 339 453 12 404 391 296 392 310 345 202 104 114 33 378 410 163 127 296 1 245 420 422 446 235 98 283 350 424 110 284 404 381 390 304 440 223 144 120 314 156 18 432 338 451 148 48 130 339 183 403 61 23 279 358 23 95 135 486 479 153 399 411 142 314 104 197 392 400 396 258 210 209 153 472 319 279 101 333 305 160 10 58 245 140 272 54 361 320 465 231 141 455 72 210
457 65 376 10 184 169 368 491 326 346 147 219 426 274 108 46 166 395 348 307 231 368 20 371 229 260 229 416 353 204 90 197 328 141 358 149 432 102 209 259 268 402 94 190 327 261 206 134 15 64 369 214 1 243 124 498 168 238 92 41 156 433 88 292 131 421 80 110 412 289 404 310 43 331 181 219 80 165 174 427 456 402 420 69 253 373 28 336 22 442 296 471 215 300 471 110 311 50 408 145
169 35 156 118 74 33 94 236 450 298 78 67 122 229 95 459 451 370 159 114 426 222 346 493 438 82 425 488 49 444 428 261 153 170 204 217 448 262 114 364 232 261 379 384 157 58 31 10 275 213 0 134 48 288 172 370 216 479 28 370 209 230 463 121 413 250 293 253 426 417 340 310 382 135 445 32 98 192 500 87 220 7 34 372 250 172 208 208 434 399 189 84 217 314 348 175 174 343 254 35
413 0 383 192 256 303 307 492 199 229 229 497 293 17 336 428 209 49 476 414 482 93 285 369 471 215 124 53 167 149 156 382 451 389 50 102 254 355 297 125 242 96 247 61 401 264 105 113 422 320 338 39 175 107 397 81 391 193 123 94 398 498 281 462 437 411 145 483 283 491 457 36 129 138 385 267 493 96 103 174 433 313 107 108 240 221 98 418 494 470 112 220 426 301 478 493 117 221 196 479
