30 2
86 2 32 14 60 100 10 48 65 80 20 44 82 30 95 27 4 48 11 41 76 23 54 76 97 5 5 84 17 48
7 391 177 430 291 315 145 346 260 199 225 231 352 189 367 497 164 151 117 404 433 158 321 182 206 65 107 183 206 410
141 209 181 200 464 384 473 211 343 185 208 73 471 176 139 182 233 241 174 373 18 257 232 472 167 152 428 327 29 108
302 189 22 36 454 343 33 58 409 289 310 414 381 276 33 99 260 343 429 96 276 63 84 6 323 382 291 212 297 480
454 50 92 413 99 77 207 251 291 117 193 381 24 467 38 421 276 292 239 311 469 189 466 50 468 122 330 413 326 339
353 50 317 2 288 89 37 463 135 143 82 248 448 121 493 223 62 129 237 380 111 335 50 402 240 148 379 450 416 48
92 402 185 138 375 412 6 326 30 96 115 375 327 480 381 293 376 266 32 62 420 142 464 340 340 79 73 56 179 230
355 246 182 242 161 373 440 204 46 220 315 18 490 468 398 141 53 132 409 202 369 266 353 54 239 113 144 304 439 430
128 212 376 190 270 185 470 286 391 38 34 335 284 415 242 149 71 478 401 299 258 198 49 442 405 67 171 55 206 321
494 42 136 302 134 17 322 487 35 263 417 314 190 196 75 353 262 93 163 77 6 221 133 6 172 274 308 134 316 240
184 6 61 375 497 250 368 81 135 359 176 383 392 157 420 134 250 257 485 30 429 407 94 245 36 141 153 230 32 142
2 154 315 132 386 97 463 4 343 425 221 196 89 375 267 325 98 323 51 104 247 197 57 317 117 394 254 50 465 365
491 78 348 291 53 199 349 173 484 293 3 103 277 437 44 318 246 42 386 493 12 478 158 177 168 312 421 73 65 485
28 23 201 271 488 195 169 497 326 11 75 253 52 52 423 182 353 78 428 349 126 414 489 463 173 140 458 459 469 14
361 265 361 438 195 327 237 137 396 426 284 197 98 478 264 401 362 124 2 150 498 214 254 2 191 479 445 497 13 426
410 291 85 417 469 454 310 194 254 285 363 9 448 328 34 165 187 91 437 298 395 291 401 406 438 367 14 472 258 184
302 311 368 27 55 474 387 104 491 51 117 151 183 381 301 8 434 46 157 81 277 27 185 436 129 321 159 390 261 175
198 238 342 389 420 225 148 108 19 76 22 216 144 181 326 78 210 428 8 472 31 376 414 79 133 220 436 26 96 286
66 397 427 122 409 160 317 430 25 228 17 228 146 335 227 371 364 392 124 89 47 473 330 87 302 315 82 93 67 30
199 227 140 154 161 31 385 128 280 352 372 54 303 191 429 448 383 286 341 75 330 363 391 300 111 442 221 99 328 490
5 273 310 63 419 67 12 381 327 180 17 488 143 54 21 378 371 30 6 493 496 395 212 444 240 144 212 446 258 67
77 250 73 395 63 136 140 224 181 499 356 404 271 444 362 184 191 109 440 210 113 183 194 175 367 119 90 239 78 432
234 427 417 350 163 282 338 258 469 278 96 263 409 410 166 180 170 122 219 134 378 368 347 396 15 74 28 153 126 59
191 164 367 308 255 212 119 234 97 220 392 373 293 335 194 424 186 326 210 405 51 480 193 384 310 306 195 358 186 467
397 443 457 1 84 499 411 332 396 39 411 42 49 81 302 80 121 311 452 24 116 290 65 170 64 270 244 83 173 14
385 143 101 224 235 366 435 475 447 161 40 345 48 493 306 151 383 470 240 466 342 119 132 351 308 475 404 385 465 184
87 372 325 486 303 216 379 23 337 463 254 293 61 152 147 270 34 174 284 439 60 400 314 440 245 211 332 351 471 140
81 107 230 343 346 194 363 141 119 243 452 81 212 163 74 298 454 428 159 109 87 189 294 389 64 21 31 60 261 374
92 2 5 275 382 300 462 317 93 320 6 266 205 255 10 41 176 288 347 329 329 492 176 90 496 401 43 170 388 245
376 446 37 364 484 474 305 399 102 230 164 291 208 245 8 423 66 379 63 169 345 175 466 3 422 211 256 160 198 242
490 149 202 233 273 226 353 335 7 422 467 248 233 77 228 418 483 375 236 313 404 120 399 91 171 13 167 219 9 154
