20 3
50 39 10 6 9 84 96 29 30 7 73 57 47 73 75 63 72 48 14 23
49 42 108 13 396 260 475 140 24 93 328 468 142 362 147 241 87 408 490 320
305 232 134 489 408 351 21 445 50 252 226 296 7 133 442 455 497 384 370 152
348 110 232 178 73 500 198 495 337 165 274 128 36 120 210 132 424 177 70 457
223 491 197 192 154 378 350 164 176 7 187 488 386 492 485 147 371 293 240 227
361 387 109 414 389 174 371 193 498 473 176 142 41 16 403 301 348 154 299 253
248 275 400 473 141 53 190 41 319 109 329 283 395 173 495 118 363 457 457 164
470 453 494 200 459 377 102 141 481 415 427 2 414 353 451 114 10 325 397 299
434 409 187 190 108 253 79 33 450 301 223 71 366 231 98 477 71 487 115 332
401 283 114 331 105 168 438 112 238 359 266 487 53 264 421 207 498 381 211 231
118 298 79 36 448 462 115 383 370 473 98 158 148 451 417 265 45 182 401 85
89 46 120 90 423 400 98 227 452 464 161 375 142 51 237 225 235 82 35 411
121 457 411 55 265 294 268 77 488 251 380 38 283 232 35 386 136 232 48 221
0 156 232 85 6 99 313 390 415 254 266 372 417 210 119 321 270 48 26 2
268 382 356 369 356 415 130 409 29 461 280 66 77 372 425 191 451 398 467 268
143 142 43 245 2 152 374 130 280 374 219 345 268 382 343 287 449 223 437 335
303 133 466 9 14 195 189 464 50 108 447 131 1 383 351 220 2 195 140 214
160 95 84 141 126 393 262 10 210 418 317 214 471 181 103 450 97 469 162 476
235 4 252 36 466 166 267 59 248 87 267 260 340 251 262 119 246 79 81 62
283 29 173 193 335 408 303 178 88 247 266 414 70 214 380 37 470 179 465 312
73 409 168 422 469 357 409 62 416 202 170 180 101 356 129 434 236 393 447 407
